1260686684
100001032170716
chuyenthuongtruong
masewprodd
100006635264212
955330081206295
100008173537398
jolie.nguy
100000466245517
1524428337794116
PhuongNhaDan08
haocun0512
172779999188
truongthe.vinh.161
1260365831
100008222612661
100002998783475
103592947280
352973375297
753002541449402
100000690801376
Tronieeeeeeee
vtv.periodista
166038950124885
100001326751882
pinky.baotran
1790916438
tp.nkhanh
100000040176055
356431061194244
bongdaphaimanh
1133098380074151
tue.nghi
SlimV.Producer.DJ
1922343594698905
100005858589825
100003347342658
100000075540950
699418530
1198416043624801
1455607464745082
100002266519121
516936127
354759621266457
100000006528006
1490713067
700239623
1585240868403581
284992678244982
100004170813482
204064686418103
anhngoc0512
100002266519121
trung.phamchi.98
100001791202974
418541165168593
100004027261193
100001153218149
661437016
100013424294077
100001609519740
1551923182
trunghieu.colonhue
1879822858937638
891492294306261
divayeuvn
1006607076099093
truong.pham.3348
226203976260
100000472143073
249599895250797
vohoangyenmodel
huyha.tieuphu
ms.jlewis
100001334451145
603128183143071
yayatruongnhi
CasiWendyThao
TranPhuongNam.FAPtv
100001235914007
ST.365daband
1450335258529430
1722560419
765228947
minhluan.dienvien
109810952378177
FanpageSaiGon
162209407812761
339446329440691
2125692404340513
huongvoi88
100002392025014
100003620755586
2205990809638073
100004874622655
Box.ThutTV
1810877759
100010442700798
1363440915
100000189853551
100000218185235
627123558
MuaRao.TuoiTre
chinhphucnhama
voevopretty
407723389564141
1435662476511668
1954610128146549
120108638582
229088873937330