423067911041602
165975324129520
147833528596762
150333160405
100001405630063
721524491234949
1606523019627358
xuanhuongthiho
138198889550309
QuynhAnhMai07
130824260961975
541623532673393
493120297524255
687736808030825
100003029615043
966671866704099
1884678365102672
sinhhoatlop
102499489814263
350121528473140
congdongnuoidayconthongminh
100005489832015
173569112675658
fc.emilyvn
187220275132299
100003207625389
1650429065169164
100005643962649
maulamgiau
100002240709220
250970311748357
1634227360188032
NguyenDuThien.Info
dienvienhuynhlap
374004962800525
331230823580420
100002991193842
bao.tran.376695
623265633
wendy.vy.5
truong.quoc.7169
116452755424163
154603521361411
100007247440061
100001819025751
292899301450603
678939172160791
1484944238470181
123842201056975
1992790654371107
719335150
534966503193325
pemysua
1310537730
100008835062694
1110540412389365
100008328874764
100783053818249
116796717769
109817789114993
100002959340724
viettrung.ho.12
100008328874764
626458030742168
152159462002236
1772165589719480
1635588163157463
KieuKoi.Faptv
nguyenthanhchung.nguyen.5
100003379240295
PhuongTuan1997
499488580081854
1DongPhimHay
564853078
100003969470849
1759072537741102
trangnemo1992
2345233132368708
1611495325793030