518043098235865
715699848466612
667086816652424
299823080101946
194149144034882
783874788396402
483041878429437
DiaDiemAnUong
171751199674
Diemmy9x
151469421537298
1464533410510176
233107060077304
cechtien.dung
262700667105773
834847593248254
an.nguy.31
827207574094902
1647447728843574
1427124040943795
268047806657865
246110498759000
109071846283
429447273846745
1494356957517628
hocnauan01
131117701200
499488580081854
casingokienhuy
ngocthaovn
215281042581874
nhatky
101635296572273
484451281604769
962215217197946
244783322219027
1410360992530635
189941677734830
131626168973
1443043085968935
1509435412435707
1183527068342481
132697346941264
fc.emilyvn
786621408100002
333701686670898
613105295495170
275829452430686
100003624694206
185866234914652
1652892361440588
1996236120634513
46816228861
772954189491441
326034714216476
218850754980782
139953806200123
195631925229
304225439665051
196375310436976
marcel
71811214151
1172338352780805
438284139562789
1566193146966839
343700282714890
1004462256261935
1118501761516912
100004375004313
123588824478563
932903660053612
216246710203
1675599646067348
295704524146530
nh01nguoi
1694010094215794
255026894850098
nhungcaunoibathu
219836041910032
223790994475363
1424753447767406
333806713418947
Lozi.vn
117366431762561
2041480329419424
belady9
379204125523654
1756687557948931
101219307072556
1637930469821506
100001814783574
1503192063301784
184133578654408
baomoi
TS.LeThamDuong
385838225133427
140284136008345
223505448065419
1510688172511365
404428316291397
168965363173443
100007001463483
122807141064125
155938894431481
1944315089148098
515342355243522
1614496402135594
400202166812077
126299827897541
446988432143918
1883229355025422
1462327057342226
497952710347819
750031145059046
100003407330948
chinh.ha.758
419442408416974
1848268709
743558085657022
116126149275
465789890249831
254671711320317
1678827212447657
truong.plaboy
509199952572119
223079524817722
1500102180305630
1017839608256246
kenh28dulich
197807167048610
490731790958652
100003304208076
348264028587732
phanvanduccot
152595292913
1183002141728766
133861664233
117989061598706
ChrisHughes
100006151838811
1587060744913415
1491821371049273
411869742205944
290309384403049
330488120350517
virussvn
363628100451502
361368050572763
101397210017337
297366940328606
vucattuongofficial
228500895181
530229647046571
340298929493103
100004366982560
trangmoondjofficial
124026334320109
325481744576385
homnayxemgi06
1021679621204671
315337998629408
142701559544084
125845680811480
933261546780498
518043098235865
100000161231451
426239574067300
153475957997899
1431628793805977
214655871938750
1028160620536694
TocTienOfficial
100004563338716
241141239273866
207970342714623
1992288464359020
992115257613980
456203361200512
283592991799457
700371197
730008487033727
100003570746150
181975482335084
346306762160465
715487698616151
1629319941
154121645039109
100011430632054
74445296351
1860467884195632
cris.phan.7
mlee.official
pesam1990
717309238310793
angelaphuongtrinh0802
EdmNationxyz
1765244887053905
651136978303141
choikang.ta.543
TuiLaNham
1126141794093319
223492164397819
1720749888170214
633992263386921
1070618893055905
712297768851483
1788833744665985
973935969326949
1434108493487116
867152396654596
771403561
1739931426272424
620134828055143
423818771019594
1681612122118395
100004027779257
100000214286455
angelaphuongtrinh0802
1511010662318785
trongtran1997
tranghy.1603
583401041828631
158700167508545
893755674007462
496129673833486
22730193_373636106391830_9115057750639250087_n.jpg
473671242986401
100005060201953
893755674007462
782728095128665
698810586922384
174405379399178
1765244887053905
vatha.vu
100001747011054
552734618133217
100002832145623
biquyetthanhcong.edumall
131170470276149
188336708238934
NhatAnh.Youtuber
1517832051848735
khangansushiofficial
477748185634360
828984403951947
693940024118969
853877677995406
327489810690241
donnguyenfc
100005424911857
1769668513054783
753970797978253
yenbabi
vantoan.nguyen09
1434108493487116
truongquynhanh
287250191399680
157301050982138
871029179658145
1243004152382977
1535707194
114368262050630
100003962934819
126083187434197
445089142275655
437263066318825
1498782550415660
100000111052259
Banbietchuapage
100001054040248
diengia.trandangkhoa
120664918050043
334790356708291
suthatchuabiet
579536549099592
1473014112911854
100003056449952
528055814042582
vinh.corau
100004058448947
912251952158132
1985159211494117
100000161231451
100004014259046
dalattrongtoi
thichbaby
1678577178871352
100002674204353
2015387908708576
715487698616151
635710826613992
137757709904689
quangcuonn
314908665626691
302955593525581
460256563994245
331746083893596
322766317751157
281879008962569
1744148954
100000928899080
ttuyetmaii359
107040189342462
1224071347
658889097618971
426544150717102
796524503735447
100001059783362
153962361817001
189358554468410
1121895641158323
1800264379
115191665751832
943274772411118
100006302403507
136406996452077
1020850841378768
604206549603774
nguyenminhduy2201
230570857459957
694838707348415
461074610619059
1834282075
419672121559388
1296004297079706
tuongvi232
480981821930289
1083622855037451
100002280586523
dai.nguyentrong.7923
trang.tran.7509
100004443643451
422436651109804
160894577260274
1673222092921500
100001009688244
100008305251724
AnhhQuann241
QuynhAnhMai07
tvixu
100004030490765
139409226071758
vulequyensinger
100000437680117
136731416394734
796263053785034
100000204944380
Suziebabiee
108624324547
yen.tatoo
midu510
1264693080230770
100001480391136
100001836191638
100001563521328
100003996437803
161125274241530
cris.phan.7
100007001463483
457017697788536
100003048434496
nsquyenlinh
556653876
1712941602327371
xNhiNhi
xNhiNhi
1766689676885909
136721003396481
137596589600297
510483979
100004765061969
133727380024522
488469487958243
100002925645504
phamquynhanhfanpage
473989036043710
tuvi.le
559231387617539
912827292141908
543038956049115
100001563521328
virussvn
100005643962649
100001296888970
ms.jlewis
148620872518398
1472069469764690
1550919301
minhchau20791
1918070108432378
1918070108432378
100002880199258
missnamem
100000399225686
yenbabi
1003483148
100000344146540
box.BLVHoangQuan
86762055070
100003347342658
